           NOMINAL TIMING      EARLY TIMING        LATE TIMING      
 mo. yr.  mean +2sig -2sig ap mean +2sig -2sig ap mean +2sig -2sig ap
BEGIN_DATA 
  3 2017    73   79   72    8   73   79   67    8   82   83   81    8
  4 2017    73   79   72    8   73   79   67    8   82   83   81    8
  5 2017    73   79   72    8   73   79   67    8   82   83   81    8
  6 2017    73   79   72    8   73   79   67    8   82   83   81    8
  7 2017    73   79   72    8   73   79   67    8   82   83   81    8
  8 2017    73   79   72    8   73   79   67    8   82   83   81    8
  9 2017    73   79   72    8   73   79   67    8   82   83   81    8
 10 2017    73   79   72    8   73   79   67    8   82   83   81    8
 11 2017    73   79   72    8   73   79   67    8   82   83   81    8
 12 2017    73   79   72    8   73   79   67    8   82   83   81    8
  1 2018    73   79   72    8   73   79   67    8   82   83   81    8
  2 2018    73   79   72    8   73   79   67    8   82   83   81    8
  3 2018    73   79   72    8   73   79   67    8   82   83   81    8
  4 2018    73   79   72    8   73   79   67    8   81   82   80    8
  5 2018    73   79   72    8   73   79   67    8   80   81   79    8
  6 2018    73   79   72    8   73   79   67    8   79   80   78    8
  7 2018    73   79   72    8   73   79   67    8   79   80   78    8
  8 2018    73   79   71    8   73   79   67    8   78   79   77    8
  9 2018    73   79   71    8   73   79   67    8   77   79   76    8
 10 2018    73   79   70    8   73   79   67    8   76   79   75    8
 11 2018    73   79   69    8   73   79   67    8   75   79   74    8
 12 2018    73   79   69    8   73   79   67    8   75   79   74    8
  1 2019    73   79   68    8   73   79   67    8   74   79   73    8
  2 2019    73   79   68    8   73   79   67    8   74   79   73    8
  3 2019    73   79   68    8   73   79   67    8   73   79   72    8
  4 2019    73   79   67    8   73   79   67    8   73   79   72    8
  5 2019    73   79   67    8   73   79   67    8   73   79   72    8
  6 2019    73   79   67    8   73   79   67    8   73   79   72    8
  7 2019    73   79   67    8   73   79   67    8   73   79   72    8
  8 2019    73   79   67    8   73   79   67    8   73   79   71    8
  9 2019    73   79   67    8   73   79   67    8   73   79   70    8
 10 2019    73   79   67    8   73   79   67    8   73   79   69    8
 11 2019    73   79   67    8   73   79   67    8   73   79   68    8
 12 2019    73   79   67    8   73   79   67    8   73   79   67    8
  1 2020    73   79   67    8   73   79   67    8   73   79   67    8
  2 2020    73   79   67    8   73   79   67    8   73   79   67    8
  3 2020    73   79   67    8   73   80   67    8   73   79   67    8
  4 2020    73   79   67    8   74   81   67    8   73   79   67    8
  5 2020    73   79   67    8   75   83   67    8   73   79   67    8
  6 2020    73   79   67    8   76   84   67    8   73   79   67    8
  7 2020    73   79   67    8   77   87   67    8   73   79   67    8
  8 2020    73   79   67    8   79   89   67    8   73   79   67    8
  9 2020    73   79   67    8   80   91   68    8   73   79   67    8
 10 2020    73   79   67    8   82   93   69    8   73   79   67    8
 11 2020    73   79   67    8   84   95   70    8   73   79   67    8
 12 2020    73   79   67    8   85   98   71    8   73   79   67    8
  1 2021    73   79   67    8   87  100   72    9   73   79   67    8
  2 2021    73   80   67    8   89  103   73    9   73   79   67    8
  3 2021    74   81   67    8   91  105   74    9   73   79   67    8
  4 2021    74   82   67    8   93  108   75    9   73   79   67    8
  5 2021    75   84   67    8   94  110   77    9   73   79   67    8
  6 2021    77   86   67    8   96  112   78    9   73   79   67    8
  7 2021    78   88   67    8   98  114   80    9   73   79   67    8
  8 2021    80   90   68    8  100  116   81   10   73   79   67    8
  9 2021    81   92   69    8  101  118   82   10   73   79   67    8
 10 2021    83   94   69    8  103  120   83   10   73   79   67    8
 11 2021    85   97   70    8  104  122   85   10   73   79   67    8
 12 2021    86   99   72    9  106  124   86   10   73   79   67    8
  1 2022    88  101   73    9  107  125   87   10   73   79   67    8
  2 2022    90  104   74    9  109  127   88   10   73   80   67    8
  3 2022    92  106   75    9  110  129   89   10   74   82   67    8
  4 2022    93  109   76    9  112  130   90   10   75   83   67    8
  5 2022    95  111   78    9  113  132   91   11   76   85   67    8
  6 2022    97  114   79    9  114  133   92   11   77   87   67    8
  7 2022    99  116   80    9  115  134   93   11   79   89   68    8
  8 2022   101  118   82   10  117  135   94   11   81   91   68    8
  9 2022   102  120   83   10  117  136   95   11   82   93   69    8
 10 2022   104  121   84   10  118  137   96   11   84   95   70    8
 11 2022   105  123   85   10  119  137   97   11   86   98   71    8
 12 2022   107  125   86   10  120  138   97   11   87  100   72    9
  1 2023   108  127   87   10  121  139   98   11   89  102   73    9
  2 2023   110  129   88   10  121  140   99   11   91  105   74    9
  3 2023   111  130   89   10  122  140  100   11   92  107   75    9
  4 2023   112  132   90   11  122  140  100   11   94  110   76    9
  5 2023   114  133   91   11  123  141  101   12   96  112   77    9
  6 2023   115  134   92   11  123  141  102   12   98  114   79    9
  7 2023   116  136   93   11  124  141  102   12   99  117   80    9
  8 2023   117  137   95   11  124  141  103   12  101  119   82   10
  9 2023   118  138   96   11  124  141  104   12  103  121   83   10
 10 2023   119  138   97   11  125  141  104   12  105  123   84   10
 11 2023   120  139   98   11  125  140  104   12  106  125   86   10
 12 2023   121  140   98   11  125  140  105   12  108  126   87   10
  1 2024   122  141   99   11  124  139  105   12  109  128   88   10
  2 2024   122  141  100   11  124  139  105   12  111  130   89   10
  3 2024   123  142  101   11  124  138  105   12  112  132   90   10
  4 2024   123  142  101   12  124  137  105   12  113  133   91   11
  5 2024   124  142  102   12  123  136  106   12  114  134   92   11
  6 2024   124  142  102   12  123  135  106   12  115  135   93   11
  7 2024   124  142  103   12  122  134  106   12  117  136   94   11
  8 2024   125  142  104   12  122  133  106   12  118  137   95   11
  9 2024   125  142  104   12  122  132  106   11  119  138   96   11
 10 2024   125  141  105   12  121  131  106   11  120  139   97   11
 11 2024   125  141  105   12  121  129  106   11  121  140   98   11
 12 2024   125  141  106   12  120  128  106   11  122  141   99   11
  1 2025   125  140  106   12  120  127  106   11  123  142  100   11
  2 2025   125  140  106   12  119  126  106   11  123  142  101   12
  3 2025   125  139  106   12  118  125  106   11  124  143  102   12
  4 2025   125  138  106   12  117  123  106   11  124  143  102   12
  5 2025   124  137  107   12  116  122  106   11  125  143  103   12
  6 2025   124  136  107   12  116  120  105   11  125  143  103   12
  7 2025   123  135  107   12  115  119  105   11  125  143  104   12
  8 2025   123  133  107   12  114  117  105   11  125  143  104   12
  9 2025   122  132  107   11  113  115  105   11  126  143  105   12
 10 2025   122  131  107   11  112  114  104   11  126  142  105   12
 11 2025   121  130  107   11  111  112  104   11  126  142  106   12
 12 2025   121  129  107   11  110  111  104   10  126  141  106   12
  1 2026   120  127  107   11  109  110  104   10  126  141  106   12
  2 2026   120  126  107   11  108  109  103   10  126  140  107   12
  3 2026   119  125  107   11  107  108  103   10  126  139  107   12
  4 2026   118  124  107   11  106  107  102   10  126  139  107   12
  5 2026   117  122  106   11  106  107  102   10  125  138  108   12
  6 2026   117  120  106   11  104  105  101   10  125  137  108   12
  7 2026   116  119  106   11  103  104  100   10  124  135  108   12
  8 2026   115  117  105   11  102  103   99   10  124  134  108   12
  9 2026   114  116  105   11  101  102   99   10  123  133  108   12
 10 2026   113  114  105   11  100  101   98   10  123  132  108   11
 11 2026   112  113  104   11   99  100   97   10  122  131  108   11
 12 2026   111  112  104   10   98   99   97   10  121  129  107   11
  1 2027   110  111  104   10   97   98   96    9  121  128  107   11
  2 2027   109  110  104   10   96   97   95    9  120  127  107   11
  3 2027   108  109  103   10   95   96   94    9  119  125  107   11
  4 2027   107  108  102   10   94   95   93    9  118  124  107   11
  5 2027   106  107  102   10   93   94   92    9  118  122  107   11
  6 2027   105  106  101   10   92   93   91    9  117  121  106   11
  7 2027   104  105  101   10   91   92   90    9  116  119  106   11
  8 2027   103  104  100   10   90   91   89    9  115  118  106   11
  9 2027   102  103   99   10   90   91   89    9  114  116  106   11
 10 2027   101  102   99   10   89   90   88    9  113  115  105   11
 11 2027   100  101   98   10   88   89   87    9  113  114  105   11
 12 2027    99  100   98   10   87   88   86    9  112  113  105   11
  1 2028    98   99   97   10   87   88   86    9  111  112  104   10
  2 2028    97   98   96    9   86   87   85    9  110  111  104   10
  3 2028    96   97   95    9   85   86   84    9  109  110  103   10
  4 2028    95   96   94    9   84   85   83    9  108  109  102   10
  5 2028    94   95   93    9   83   84   82    9  107  108  102   10
  6 2028    93   94   92    9   83   84   82    8  105  106  101   10
  7 2028    92   93   91    9   82   83   81    8  104  105  100   10
  8 2028    91   92   90    9   81   82   80    8  103  104  100   10
  9 2028    90   91   89    9   81   82   80    8  102  103   99   10
 10 2028    89   90   88    9   80   81   79    8  101  102   99   10
 11 2028    88   89   87    9   79   80   78    8  100  101   98   10
 12 2028    88   89   87    9   79   80   78    8   99  100   98   10
  1 2029    87   88   86    9   79   80   78    8   98   99   97   10
  2 2029    86   87   85    9   78   79   77    8   97   98   96   10
  3 2029    86   87   85    9   78   79   77    8   96   97   95    9
  4 2029    85   86   84    9   78   79   77    8   95   96   94    9
  5 2029    84   85   83    9   77   79   76    8   94   95   93    9
  6 2029    84   85   83    9   77   79   76    8   94   95   93    9
  7 2029    83   84   82    8   76   79   75    8   93   94   92    9
  8 2029    82   83   81    8   76   79   75    8   92   93   91    9
  9 2029    82   83   81    8   76   79   75    8   91   92   90    9
 10 2029    81   82   80    8   75   79   74    8   90   91   89    9
 11 2029    80   81   79    8   75   79   74    8   89   90   88    9
 12 2029    80   81   79    8   74   79   73    8   88   89   87    9
  1 2030    79   80   78    8   74   79   73    8   88   89   87    9
  2 2030    79   80   78    8   74   79   73    8   87   88   86    9
  3 2030    78   79   77    8   73   79   72    8   86   87   85    9
  4 2030    78   79   77    8   73   79   72    8   85   86   84    9
  5 2030    77   79   76    8   73   79   72    8   84   85   83    9
  6 2030    77   79   76    8   73   79   72    8   84   85   83    9
  7 2030    76   79   75    8   73   79   71    8   83   84   82    8
  8 2030    76   79   75    8   73   79   71    8   82   83   81    8
  9 2030    76   79   75    8   73   79   70    8   82   83   81    8
 10 2030    75   79   74    8   73   79   70    8   81   82   80    8
 11 2030    75   79   74    8   73   79   70    8   81   82   80    8
 12 2030    75   79   74    8   73   79   70    8   80   81   79    8
  1 2031    75   79   73    8   73   79   69    8   79   80   78    8
  2 2031    74   79   72    8   73   79   69    8   78   79   76    8
  3 2031    74   79   71    8   73   79   68    8   77   79   74    8
  4 2031    73   79   70    8   74   79   68    8   76   79   72    8
  5 2031    73   79   69    8   75   79   67    8   75   79   70    8
  6 2031    73   79   68    8   76   80   67    8   74   79   68    8
  7 2031    73   79   67    8   77   81   67    8   73   79   67    8
  8 2031    73   79   67    8   78   83   67    8   73   79   67    8
  9 2031    73   79   67    8   79   85   68    8   73   79   67    8
 10 2031    73   79   67    8   81   87   68    8   73   79   67    8
 11 2031    73   79   67    8   82   89   69    8   73   79   67    8
 12 2031    73   79   67    8   84   91   70    8   73   79   67    8
  1 2032    73   79   67    8   85   94   71    8   73   79   67    8
  2 2032    73   79   67    8   87   96   72    9   73   79   67    8
  3 2032    74   79   67    8   88   98   72    9   73   79   67    8
  4 2032    74   79   67    8   90  100   73    9   73   79   67    8
  5 2032    75   79   67    8   92  103   74    9   73   79   67    8
  6 2032    76   80   67    8   93  105   76    9   73   79   67    8
  7 2032    77   81   67    8   95  108   77    9   73   79   67    8
  8 2032    78   83   68    8   97  111   78    9   73   79   67    8
  9 2032    80   85   68    8   99  113   79    9   73   79   67    8
 10 2032    81   87   69    8  100  116   80   10   73   79   67    8
 11 2032    83   89   69    8  102  119   81   10   73   79   67    8
 12 2032    84   91   70    8  104  121   82   10   73   79   67    8
  1 2033    86   94   71    8  106  123   84   10   73   79   67    8
  2 2033    88   96   72    9  108  125   85   10   74   79   67    8
  3 2033    89   99   73    9  109  127   86   10   74   79   67    8
  4 2033    91  101   74    9  111  129   87   10   75   79   67    8
  5 2033    93  103   75    9  112  131   89   10   76   79   67    8
  6 2033    94  106   76    9  114  133   90   11   77   80   67    8
  7 2033    96  109   77    9  115  135   91   11   78   81   67    8
  8 2033    98  111   78    9  117  137   91   11   79   83   68    8
  9 2033    99  114   79   10  118  138   92   11   80   85   68    8
 10 2033   101  116   80   10  119  140   93   11   82   87   69    8
 11 2033   103  119   81   10  120  141   94   11   83   89   69    8
 12 2033   104  121   82   10  121  142   95   11   85   91   70    8
  1 2034   106  124   84   10  123  143   96   11   86   94   71    9
  2 2034   108  126   85   10  124  144   97   11   88   96   72    9
  3 2034   109  128   86   10  124  145   98   12   89   99   73    9
  4 2034   111  130   87   10  125  145   99   12   91  101   74    9
  5 2034   112  132   88   10  126  146  100   12   93  103   75    9
  6 2034   114  133   89   11  127  147  101   12   94  106   76    9
  7 2034   115  135   90   11  128  147  101   12   96  109   77    9
  8 2034   117  137   91   11  128  148  102   12   98  111   78    9
  9 2034   118  139   92   11  129  148  103   12   99  114   79   10
 10 2034   119  140   93   11  129  148  103   12  101  117   80   10
 11 2034   121  141   94   11  130  149  104   12  103  119   81   10
 12 2034   122  142   95   11  130  148  105   12  105  121   83   10
  1 2035   123  143   96   11  131  148  105   12  106  124   84   10
  2 2035   124  144   98   11  131  148  106   12  108  126   85   10
  3 2035   125  145   99   12  131  147  107   12  110  128   86   10
  4 2035   126  146  100   12  132  147  107   12  112  130   88   10
  5 2035   127  146  101   12  132  146  107   12  113  132   89   11
  6 2035   128  147  101   12  132  145  108   12  115  134   90   11
  7 2035   129  148  102   12  131  145  108   12  116  136   91   11
  8 2035   129  148  103   12  131  144  108   12  118  137   92   11
  9 2035   130  148  104   12  131  143  109   12  119  139   93   11
 10 2035   130  148  104   12  131  142  109   12  120  141   94   11
 11 2035   131  149  105   12  130  141  109   12  121  142   95   11
 12 2035   131  148  105   12  130  139  109   12  122  143   96   11
  1 2036   131  148  106   12  129  138  110   12  124  144   97   11
  2 2036   131  148  106   12  129  136  110   12  125  144   98   12
  3 2036   132  147  107   12  128  135  110   12  125  145   99   12
  4 2036   132  147  107   12  128  133  110   12  126  146  100   12
  5 2036   132  146  107   12  127  132  110   12  127  146  101   12
  6 2036   132  145  108   12  126  130  109   12  128  147  101   12
  7 2036   131  145  108   12  126  129  109   12  129  148  102   12
  8 2036   131  144  108   12  125  127  109   12  129  148  103   12
  9 2036   131  143  108   12  124  125  109   12  130  148  103   12
 10 2036   131  142  108   12  123  124  109   11  130  148  104   12
 11 2036   130  141  109   12  122  123  109   11  131  149  104   12
 12 2036   130  139  109   12  122  123  109   11  131  148  105   12
  1 2037   129  138  109   12  121  122  109   11  131  148  106   12
  2 2037   129  136  109   12  120  121  108   11  131  148  106   12
  3 2037   128  135  109   12  119  120  108   11  132  147  107   12
  4 2037   128  133  110   12  118  119  108   11  132  147  107   12
  5 2037   127  132  110   12  117  118  108   11  132  146  108   12
  6 2037   127  130  110   12  116  117  107   11  132  145  108   12
  7 2037   126  129  110   12  115  116  107   11  132  145  109   12
  8 2037   126  127  110   12  114  115  107   11  132  144  109   12
  9 2037   125  126  110   12  114  115  106   11  132  143  109   12
 10 2037   124  125  110   12  113  114  106   11  132  142  109   12
 11 2037   123  124  110   11  112  113  105   11  131  141  110   12
 12 2037   123  124  109   11  110  111  104   10  131  139  110   12
  1 2038   122  123  109   11  109  110  104   10  130  138  110   12
  2 2038   121  122  109   11  108  109  103   10  130  136  110   12
  3 2038   120  121  109   11  107  108  102   10  129  134  110   12
  4 2038   119  120  108   11  106  107  102   10  129  133  110   12
  5 2038   118  119  108   11  105  106  101   10  128  131  110   12
  6 2038   117  118  108   11  104  105  101   10  127  129  110   12
  7 2038   116  117  107   11  103  104  100   10  127  128  110   12
  8 2038   115  116  107   11  102  103   99   10  126  127  110   12
  9 2038   114  115  106   11  101  102   99   10  125  126  110   12
 10 2038   113  114  105   11  100  101   98   10  124  125  110   12
 11 2038   112  113  105   11   99  100   97   10  123  124  109   11
 12 2038   110  111  104   10   98   99   96   10  123  124  109   11
  1 2039   109  110  103   10   97   98   95   10  122  123  109   11
  2 2039   108  109  103   10   96   97   94    9  121  122  109   11
  3 2039   107  108  102   10   95   96   94    9  120  121  108   11
  4 2039   106  107  102   10   94   95   93    9  119  120  108   11
  5 2039   105  106  101   10   93   94   92    9  118  119  108   11
  6 2039   104  105  101   10   92   93   91    9  117  118  107   11
  7 2039   103  104  100   10   92   93   91    9  116  117  107   11
  8 2039   102  103   99   10   91   92   90    9  115  116  107   11
  9 2039   101  102   99   10   90   91   89    9  114  115  106   11
 10 2039   100  101   98   10   89   90   88    9  113  114  105   11
 11 2039    99  100   97   10   88   89   87    9  112  113  105   11
 12 2039    98   99   96   10   88   89   87    9  110  111  104   10
  1 2040    97   98   95   10   87   88   86    9  109  110  103   10
  2 2040    96   97   95   10   87   88   86    9  108  109  103   10
  3 2040    95   96   94    9   86   87   85    9  107  108  102   10
  4 2040    95   96   94    9   86   87   85    9  106  107  102   10
  5 2040    94   95   93    9   85   86   84    9  105  106  101   10
  6 2040    93   94   92    9   85   86   84    9  104  105  101   10
  7 2040    93   94   92    9   84   85   83    9  104  105  101   10
  8 2040    92   93   91    9   84   85   83    9  103  104  100   10
  9 2040    91   92   90    9   83   84   82    9  102  103   99   10
 10 2040    90   91   89    9   83   84   82    9  101  102   99   10
 11 2040    89   90   88    9   82   83   81    8  100  101   98   10
 12 2040    89   90   88    9   82   83   81    8   99  100   97   10
  1 2041    88   89   87    9   81   82   80    8   98   99   96   10
  2 2041    87   88   86    9   81   82   79    8   97   98   95   10
  3 2041    87   88   86    9   81   82   79    8   96   97   95    9
  4 2041    86   87   85    9   80   81   78    8   95   96   94    9
  5 2041    85   86   84    9   80   81   78    8   94   95   93    9
  6 2041    85   86   84    9   79   80   77    8   93   94   92    9
  7 2041    84   85   83    9   79   80   77    8   93   94   92    9
  8 2041    84   85   83    9   79   80   76    8   92   93   91    9
  9 2041    83   84   82    9   78   79   76    8   91   92   90    9
 10 2041    83   84   82    9   78   79   75    8   90   91   89    9
 11 2041    82   83   81    8   78   79   75    8   89   90   88    9
 12 2041    82   83   80    8   78   79   74    8   89   90   88    9
  1 2042    81   82   80    8   77   79   74    8   88   89   87    9
  2 2042    81   82   79    8   77   79   73    8   87   88   86    9
  3 2042    81   82   78    8   77   79   73    8   87   88   86    9
  4 2042    80   81   78    8   77   79   73    8   86   87   85    9
  5 2042    80   81   78    8   77   79   72    8   85   86   84    9
  6 2042    79   80   77    8   76   79   72    8   85   86   84    9
  7 2042    79   80   77    8   76   79   72    8   84   85   83    9
  8 2042    79   80   76    8   76   79   72    8   84   85   83    9
  9 2042    78   79   76    8   76   79   71    8   83   84   82    9
 10 2042    78   79   75    8   76   79   71    8   83   84   82    9
 11 2042    78   79   75    8   76   79   71    8   82   83   81    8
 12 2042    78   79   74    8   76   79   70    8   82   83   80    8
  1 2043    77   79   74    8   75   79   70    8   81   82   80    8
  2 2043    77   79   73    8   75   79   70    8   81   82   79    8
  3 2043    77   79   73    8   75   79   70    8   81   82   78    8
  4 2043    77   79   73    8   75   79   69    8   80   81   78    8
  5 2043    77   79   73    8   75   79   69    8   80   81   77    8
  6 2043    77   79   72    8   75   79   69    8   80   81   77    8
  7 2043    77   79   72    8   75   79   69    8   80   81   77    8
  8 2043    77   79   72    8   75   79   69    8   79   80   76    8
  9 2043    77   79   72    8   75   79   69    8   79   80   76    8
 10 2043    77   79   71    8   75   79   69    8   79   80   76    8
 11 2043    77   79   71    8   76   79   69    8   79   80   76    8
 12 2043    77   79   71    8   76   79   69    8   79   80   75    8
  1 2044    76   79   70    8   76   79   69    8   78   79   75    8
  2 2044    76   79   70    8   76   79   69    8   78   79   74    8
  3 2044    76   79   70    8   76   79   69    8   78   79   74    8
  4 2044    76   79   70    8   76   79   69    8   78   79   74    8
  5 2044    76   79   69    8   76   79   69    8   78   79   73    8
  6 2044    76   79   69    8   76   79   69    8   77   79   73    8
  7 2044    76   79   69    8   75   79   69    8   77   79   73    8
  8 2044    76   79   69    8   75   79   69    8   77   79   72    8
  9 2044    76   79   69    8   75   79   69    8   77   79   72    8
 10 2044    76   79   69    8   75   79   69    8   77   79   71    8
 11 2044    76   79   69    8   75   79   69    8   77   79   71    8
 12 2044    76   79   69    8   75   79   69    8   77   79   71    8
  1 2045    76   79   69    8   75   79   69    8   76   79   70    8
  2 2045    76   79   69    8   75   79   69    8   76   79   70    8
  3 2045    76   79   69    8   75   79   69    8   76   79   70    8
  4 2045    76   79   69    8   75   79   69    8   76   79   70    8
  5 2045    76   79   69    8   75   79   69    8   76   79   69    8
  6 2045    76   79   69    8   75   79   69    8   76   79   69    8
  7 2045    75   79   69    8   75   79   69    8   76   79   69    8
  8 2045    75   79   69    8   75   79   69    8   76   79   69    8
  9 2045    75   79   69    8   75   79   69    8   76   79   69    8
 10 2045    75   79   69    8   75   79   69    8   76   79   69    8
 11 2045    75   79   69    8   75   79   70    8   76   79   69    8
 12 2045    75   79   69    8   75   79   70    8   76   79   69    8
  1 2046    75   79   69    8   75   79   70    8   76   79   69    8
  2 2046    75   79   69    8   75   79   70    8   76   79   69    8
  3 2046    75   79   69    8   75   79   70    8   76   79   69    8
  4 2046    75   79   69    8   75   79   70    8   76   79   69    8
  5 2046    75   79   69    8   75   79   70    8   76   79   69    8
  6 2046    75   79   69    8   75   79   69    8   76   79   69    8
  7 2046    75   79   69    8   75   79   69    8   75   79   69    8
  8 2046    75   79   69    8   75   79   69    8   75   79   69    8
  9 2046    75   79   69    8   75   79   69    8   75   79   69    8
 10 2046    75   79   69    8   75   79   69    8   75   79   69    8
 11 2046    75   79   70    8   75   79   69    8   75   79   69    8
 12 2046    75   79   70    8   75   79   69    8   75   79   69    8
  1 2047    75   79   70    8   75   79   69    8   75   79   69    8
  2 2047    75   79   70    8   75   79   69    8   75   79   69    8
  3 2047    75   79   70    8   75   79   69    8   75   79   69    8
  4 2047    75   79   70    8   75   79   69    8   75   79   69    8
  5 2047    75   79   70    8   75   79   69    8   75   79   69    8
  6 2047    75   79   69    8   75   79   69    8   75   79   69    8
  7 2047    75   79   69    8   75   79   69    8   75   79   69    8
  8 2047    75   79   69    8   75   79   69    8   75   79   69    8
  9 2047    75   79   69    8   75   79   69    8   75   79   70    8
 10 2047    75   79   69    8   75   79   69    8   75   79   70    8
 11 2047    75   79   69    8   75   79   69    8   75   79   70    8
 12 2047    75   79   69    8   75   79   69    8   75   79   70    8
  1 2048    76   79   69    8   76   79   69    8   76   79   71    8
  2 2048    76   79   69    8   76   79   69    8   76   79   71    8
  3 2048    76   79   69    8   76   79   69    8   76   79   71    8
  4 2048    76   79   69    8   76   79   69    8   76   79   71    8
  5 2048    76   79   69    8   76   79   69    8   76   79   71    8
  6 2048    76   79   69    8   76   79   69    8   76   79   70    8
  7 2048    76   79   69    8   76   79   69    8   76   79   70    8
  8 2048    76   79   69    8   76   79   69    8   76   79   70    8
  9 2048    76   79   69    8   76   79   69    8   76   79   69    8
 10 2048    76   79   69    8   76   79   69    8   76   79   69    8
 11 2048    76   79   69    8   76   79   69    8   76   79   69    8
END_DATA 
